image_width: 1280
image_height: 1024
camera_name: 00b09d0100c6fd73
camera_matrix:
  rows: 3
  cols: 3
  data: [817.5407824512795, 0.0, 621.2921026865581, 0.0, 821.052045507326, 532.5863503315023, 0.0, 0.0, 1.0]
distortion_model: plumb_bob
distortion_coefficients:
  rows: 1
  cols: 5
  data: [-0.21164792680999517, 0.07450723755795918, 6.170763931583324e-06, 0.0001256454560449464, 0.0]
rectification_matrix:
  rows: 3
  cols: 3
  data: [0.9902892812162726, -0.03715804338771576, 0.1339642464232711, 0.03760219237732265, 0.9992924783792697, -0.0007859917528086568, -0.13384025790686854, 0.005815708573621687, 0.9909858540348645]
projection_matrix:
  rows: 3
  cols: 4
  data: [831.5144044576164, 0.0, 468.27288818359375, 0.0, 0.0, 831.5144044576164, 525.1802101135254, 0.0, 0.0, 0.0, 1.0, 0.0]
